{"armatures":{"source":{"matrix_world":[1.0,0.0,0.0,0.0,0.0,1.0,0.0,0.0,0.0,0.0,1.0,0.0,0.0,0.0,0.0,1.0],"bones":{"Root":{"parent":null,"matrix":[-1.0,0.0,0.0,0.0,-1.0,0.0,0.0,0.0,1.0],"matrix_local":[-1.0,0.0,0.0,-2.1750892983973293e-14,0.0,-1.0,0.0,6.675301023051361e-08,0.0,0.0,1.0,-0.0009612432913854718,0.0,0.0,0.0,1.0]},"pelvis":{"parent":"Root","matrix":[1.0,-1.813383931903445e-07,3.552713678800501e-15,1.0091908109188807e-07,0.5565235018730164,-0.8308318853378296,1.5066170533373224e-07,0.8308318853378296,0.5565235018730164],"matrix_local":[-1.0,1.813383931903445e-07,-3.552713678800501e-15,-1.6276441527907082e-08,-1.0091908109188807e-07,-0.5565235018730164,0.8308318853378296,0.02050843834877014,1.5066170533373224e-07,0.8308318853378296,0.5565235018730164,0.9298797845840454,0.0,0.0,0.0,1.0]},"spine_01":{"parent":"pelvis","matrix":[1.0,2.155188383312634e-07,-3.552713678800501e-15,-1.3042540558672044e-07,0.6051693558692932,-0.7960967421531677,-1.7157384490928962e-07,0.7960967421531677,0.6051693558692932],"matrix_local":[-1.0,-1.0577839759662311e-07,-1.4436290030062082e-07,-4.367493033896608e-10,-1.7088331105696852e-07,0.32463157176971436,0.9458404779434204,-0.02810322493314743,-5.3184756154678325e-08,0.9458404779434204,-0.32463157176971436,1.0024518966674805,0.0,0.0,0.0,1.0]},"spine_02":{"parent":"spine_01","matrix":[1.0,-2.6327800384251532e-08,-2.220446049250313e-16,2.59856225426347e-08,0.9870031476020813,0.16070085763931274,-4.2309000747309256e-09,-0.16070085763931274,0.9870031476020813],"matrix_local":[-1.0,-5.487657261937784e-08,-1.5948532450238417e-07,-7.544084468236179e-09,-1.6644932543385949e-07,0.16841502487659454,0.9857161045074463,-0.006290968507528305,-2.7233017618755184e-08,0.9857161045074463,-0.16841502487659454,1.066003680229187,0.0,0.0,0.0,1.0]},"spine_03":{"parent":"spine_02","matrix":[1.0,-2.246590824483974e-08,0.0,2.2248025643989422e-08,0.9903016090393066,0.13893429934978485,-3.1212850082340537e-09,-0.13893429934978485,0.9903016090393066],"matrix_local":[-1.0,-9.720467986085168e-09,-1.6556280968416104e-07,-1.2424953510503656e-08,-1.6577912731463584e-07,0.029831886291503906,0.9995548725128174,0.008688314817845821,-4.7771093747428495e-09,0.9995548725128174,-0.029831886291503906,1.15367591381073,0.0,0.0,0.0,1.0]},"clavicle_l":{"parent":"spine_03","matrix":[-0.12183255702257156,0.9924618005752563,0.01329057477414608,-0.9903290271759033,-0.12244419753551483,0.06523849815130234,0.06637407094240189,-0.005213879980146885,0.9977811574935913],"matrix_local":[0.12183255702257156,-0.9924618005752563,-0.013290740549564362,-0.026778830215334892,0.03680116683244705,-0.008864465169608593,0.9992832541465759,0.023907704278826714,-0.991868257522583,-0.12223416566848755,0.035443760454654694,1.3993988037109375,0.0,0.0,0.0,1.0]},"upperarm_l":{"parent":"clavicle_l","matrix":[0.763771116733551,0.6454565525054932,0.006280256435275078,-0.6454454660415649,0.7637962102890015,-0.003927728161215782,-0.007332014385610819,-0.0010536783374845982,0.9999725222587585],"matrix_local":[0.7337296605110168,-0.6793869733810425,-0.008627115748822689,-0.17151981592178345,0.026502437889575958,0.01592998579144478,0.9995217323303223,0.02261490747332573,-0.6789246797561646,-0.7336072325706482,0.02969370409846306,1.3815721273422241,0.0,0.0,0.0,1.0]},"lowerarm_l":{"parent":"upperarm_l","matrix":[0.9954681992530823,0.02701062709093094,-0.0911785364151001,-0.07828252762556076,0.777126133441925,-0.6244572401046753,0.05399024114012718,0.6287651062011719,0.7757188081741333],"matrix_local":[0.7831229567527771,-0.5135753154754639,0.3506554961204529,-0.3452393412590027,0.07909971475601196,0.6415598392486572,0.7629837989807129,0.026688212528824806,-0.6168161034584045,-0.5697731971740723,0.5430436730384827,1.1939884424209595,0.0,0.0,0.0,1.0]},"hand_l":{"parent":"lowerarm_l","matrix":[0.6460262537002563,0.1298978477716446,0.7521812319755554,0.06582281738519669,0.9722627997398376,-0.22443804144859314,-0.7604719400405884,0.1945035755634308,0.6195570230484009],"matrix_local":[0.20544931292533875,-0.3294004201889038,0.9215673208236694,-0.4670056700706482,-0.4868980050086975,0.7824426889419556,0.38821887969970703,0.1787990927696228,-0.8489529490470886,-0.5284683704376221,0.00036782026290893555,1.058897852897644,0.0,0.0,0.0,1.0]},"index_01_l":{"parent":"hand_l","matrix":[0.4938945770263672,0.1208561360836029,0.8610817193984985,0.09755969792604446,0.9763383269309998,-0.19299058616161346,-0.8640313744544983,0.17932391166687012,0.4704175591468811],"matrix_local":[-0.7269290089607239,-0.13151738047599792,0.6740012764930725,-0.49323004484176636,-0.4995747208595276,0.7747010588645935,-0.38763803243637085,0.26489195227622986,-0.47116827964782715,-0.6184991002082825,-0.6288554072380066,1.0174050331115723,0.0,0.0,0.0,1.0]},"index_02_l":{"parent":"index_01_l","matrix":[0.9997531771659851,-0.006810234859585762,0.021147172898054123,0.011422098614275455,0.9739839434623718,-0.22632907330989838,-0.019055653363466263,0.2265147566795349,0.9738213419914246],"matrix_local":[-0.7410953640937805,0.02952597290277481,0.6707504987716675,-0.4963834881782532,-0.4832160472869873,0.6701428890228271,-0.563392162322998,0.28346726298332214,-0.4661332964897156,-0.7416444420814514,-0.4823724031448364,1.0025750398635864,0.0,0.0,0.0,1.0]},"index_03_l":{"parent":"index_02_l","matrix":[0.9990860819816589,-0.04247400909662247,0.004785783588886261,0.04273625835776329,0.9906964898109436,-0.12920591235160828,0.0007466354873031378,0.12929238379001617,0.9916061758995056],"matrix_local":[-0.7386554479598999,0.1474515050649643,0.6577587127685547,-0.4957505464553833,-0.4545556902885437,0.6115900278091431,-0.6475621461868286,0.2978329658508301,-0.4977625608444214,-0.7773130536079407,-0.38472944498062134,0.9866765737533569,0.0,0.0,0.0,1.0]},"middle_01_l":{"parent":"hand_l","matrix":[0.5834276676177979,0.3554445803165436,0.7302543520927429,-0.195452019572258,0.9341682195663452,-0.298543781042099,-0.788296103477478,0.03144904226064682,0.614491879940033],"matrix_local":[-0.5422211289405823,-0.2057071477174759,0.8146663308143616,-0.5083565711975098,-0.7430312633514404,0.5700769424438477,-0.35059547424316406,0.24744495749473572,-0.39230239391326904,-0.7954225540161133,-0.46195465326309204,1.008284091949463,0.0,0.0,0.0,1.0]},"middle_02_l":{"parent":"middle_01_l","matrix":[0.997435986995697,-0.067390576004982,0.024082422256469727,0.06932889670133591,0.9933754801750183,-0.09164313971996307,-0.017747007310390472,0.09307777136564255,0.9955006837844849],"matrix_local":[-0.5695501565933228,-0.09197651594877243,0.8167945146560669,-0.5148968696594238,-0.6953812837600708,0.5837411284446716,-0.41915565729141235,0.26557010412216187,-0.4382439851760864,-0.8067135214805603,-0.39642876386642456,0.9829942584037781,0.0,0.0,0.0,1.0]},"middle_03_l":{"parent":"middle_02_l","matrix":[0.9998835325241089,0.013830756768584251,0.006446036975830793,-0.012801258824765682,0.9902165532112122,-0.13895000517368317,-0.008304757066071033,0.13885129988193512,0.9902783632278442],"matrix_local":[-0.575089693069458,0.014458999037742615,0.8179627060890198,-0.5172879099845886,-0.6992919445037842,0.5102121829986572,-0.5006740689277649,0.28074514865875244,-0.42457374930381775,-0.8599269986152649,-0.28330689668655396,0.9620227813720703,0.0,0.0,0.0,1.0]},"pinky_01_l":{"parent":"hand_l","matrix":[0.6110696792602539,0.5746304988861084,0.5444204807281494,-0.5335816144943237,0.8070443272590637,-0.2529233396053314,-0.5847088694572449,-0.13593898713588715,0.7997725009918213],"matrix_local":[-0.23754271864891052,-0.2730602025985718,0.9322080612182617,-0.5165112614631653,-0.9420206546783447,0.2989054024219513,-0.15248847007751465,0.21331316232681274,-0.23700343072414398,-0.9143816828727722,-0.32823121547698975,0.9942829608917236,0.0,0.0,0.0,1.0]},"pinky_02_l":{"parent":"pinky_01_l","matrix":[0.9982336759567261,-0.055397167801856995,0.02146456204354763,0.05809792876243591,0.985762357711792,-0.1577882617712021,-0.012417933903634548,0.15875661373138428,0.9872397184371948],"matrix_local":[-0.2645634710788727,-0.10801908373832703,0.9582997560501099,-0.5219368934631348,-0.9210973381996155,0.32262641191482544,-0.2179265022277832,0.2192523330450058,-0.28563255071640015,-0.9403426051139832,-0.18485137820243835,0.9761144518852234,0.0,0.0,0.0,1.0]},"pinky_03_l":{"parent":"pinky_02_l","matrix":[0.9996219277381897,0.024802476167678833,0.01186414621770382,-0.025113051757216454,0.9993256330490112,0.0267874076962471,-0.011191751807928085,-0.027075227349996567,0.9995707273483276],"matrix_local":[-0.27247580885887146,-0.1404542475938797,0.9518560171127319,-0.5235162973403931,-0.9264122247695923,0.3054637610912323,-0.2201186567544937,0.22396962344646454,-0.25984084606170654,-0.9417879581451416,-0.21335016191005707,0.9623652100563049,0.0,0.0,0.0,1.0]},"ring_01_l":{"parent":"hand_l","matrix":[0.5637741088867188,0.4439496397972107,0.696467936038971,-0.37492311000823975,0.888927161693573,-0.2631376385688782,-0.7359290719032288,-0.11277167499065399,0.6676010489463806],"matrix_local":[-0.4388813376426697,-0.30553051829338074,0.8450058698654175,-0.515160322189331,-0.8535578846931458,0.4355962872505188,-0.28582367300987244,0.23144160211086273,-0.28075340390205383,-0.8467037677764893,-0.45196300745010376,1.0015838146209717,0.0,0.0,0.0,1.0]},"ring_02_l":{"parent":"ring_01_l","matrix":[0.9968021512031555,-0.0777076929807663,0.01862969808280468,0.0793992131948471,0.98945152759552,-0.1211671456694603,-0.009017564356327057,0.12225884199142456,0.9924572706222534],"matrix_local":[-0.46935662627220154,-0.1648937314748764,0.8674762845039368,-0.5236473083496094,-0.8136649131774902,0.462384968996048,-0.35234925150871277,0.24354153871536255,-0.3430075943470001,-0.8712121248245239,-0.3511916399002075,0.9780641794204712,0.0,0.0,0.0,1.0]},"ring_03_l":{"parent":"ring_02_l","matrix":[0.9987042546272278,0.04728688299655914,0.018809711560606956,-0.0449807271361351,0.9930951595306396,-0.10834480822086334,-0.023803122341632843,0.10735835134983063,0.9939354062080383],"matrix_local":[-0.48198002576828003,-0.09281875193119049,0.8712522983551025,-0.5274629592895508,-0.8250219821929932,0.38288894295692444,-0.41561421751976013,0.2542411684989929,-0.29501593112945557,-0.9191195964813232,-0.26112237572669983,0.9579042792320251,0.0,0.0,0.0,1.0]},"thumb_01_l":{"parent":"hand_l","matrix":[-0.5578120350837708,0.07282459735870361,0.8267661929130554,0.7526930570602417,0.4641197919845581,0.4669540524482727,-0.3497128188610077,0.882773756980896,-0.3137061595916748],"matrix_local":[-0.6848233938217163,0.6756159663200378,-0.27305763959884644,-0.4678111970424652,0.7247716188430786,0.670398473739624,-0.15897268056869507,0.2188788205385208,0.07565303891897202,-0.3067725896835327,-0.9487714171409607,1.0501028299331665,0.0,0.0,0.0,1.0]},"thumb_02_l":{"parent":"thumb_01_l","matrix":[0.9387128949165344,0.3413061499595642,-0.04825247451663017,-0.3444500267505646,0.9234638214111328,-0.16902334988117218,-0.013129295781254768,0.1752849519252777,0.984430193901062],"matrix_local":[-0.8719834685325623,0.3423095941543579,-0.3499566316604614,-0.4484216570854187,0.4515208899974823,0.8385921716690063,-0.304782509803772,0.23811861872673035,0.18914102017879486,-0.42377787828445435,-0.8857979774475098,1.041298747062683,0.0,0.0,0.0,1.0]},"thumb_03_l":{"parent":"thumb_02_l","matrix":[0.9968476891517639,0.0411580353975296,-0.06782854348421097,-0.058951590210199356,0.9564000964164734,-0.28604769706726074,0.05309806764125824,0.2891445755958557,0.9558116793632507],"matrix_local":[-0.907996416091919,0.19030773639678955,-0.3732641339302063,-0.43694883584976196,0.3844778537750244,0.7324870824813843,-0.5618180632591248,0.26622483134269714,0.1664930135011673,-0.6536402702331543,-0.7382645010948181,1.0270954370498657,0.0,0.0,0.0,1.0]},"clavicle_r":{"parent":"spine_03","matrix":[-0.12183257192373276,-0.9924618005752563,-0.01329025812447071,0.9903290271759033,-0.12244420498609543,0.06523853540420532,-0.06637406349182129,-0.005213561467826366,0.9977811574935913],"matrix_local":[0.12183257192373276,0.9924618005752563,0.01329009234905243,0.026778796687722206,-0.03680111840367317,-0.008863817900419235,0.9992832541465759,0.023907722905278206,0.991868257522583,-0.12223416566848755,0.03544379770755768,1.3993988037109375,0.0,0.0,0.0,1.0]},"upperarm_r":{"parent":"clavicle_r","matrix":[0.763771116733551,-0.6454565525054932,-0.006280272267758846,0.6454454660415649,0.7637962102890015,-0.00392770953476429,0.0073320139199495316,-0.0010537025518715382,0.9999725222587585],"matrix_local":[0.7337296605110168,0.6793869137763977,0.008626483380794525,0.17151978611946106,-0.026501983404159546,0.015930425375699997,0.9995217323303223,0.022615021094679832,0.6789246797561646,-0.7336072325706482,0.02969372272491455,1.3815721273422241,0.0,0.0,0.0,1.0]},"lowerarm_r":{"parent":"upperarm_r","matrix":[0.9954681992530823,-0.02701069787144661,0.0911785364151001,0.07828257232904434,0.777126133441925,-0.6244572997093201,-0.0539901964366436,0.6287651658058167,0.7757187485694885],"matrix_local":[0.7831229567527771,0.5135747790336609,-0.35065600275993347,0.3452393114566803,-0.07909918576478958,0.6415602564811707,0.762983500957489,0.026688437908887863,0.6168161034584045,-0.5697731971740723,0.5430437326431274,1.1939884424209595,0.0,0.0,0.0,1.0]},"hand_r":{"parent":"lowerarm_r","matrix":[0.6460262537002563,-0.12989738583564758,-0.752181351184845,-0.06582283973693848,0.9722629189491272,-0.22443747520446777,0.7604719400405884,0.19450320303440094,0.6195570826530457],"matrix_local":[0.2054489552974701,0.3294003903865814,-0.9215673208236694,0.46700552105903625,0.4868980944156647,0.7824427485466003,0.38821861147880554,0.17879942059516907,0.8489530086517334,-0.5284683704376221,0.0003674626350402832,1.058897852897644,0.0,0.0,0.0,1.0]},"index_01_r":{"parent":"hand_r","matrix":[0.4938945770263672,-0.12085598707199097,-0.8610817790031433,-0.09755987673997879,0.9763383865356445,-0.1929905116558075,0.8640313744544983,0.17932400107383728,0.4704175293445587],"matrix_local":[-0.726929247379303,0.13151736557483673,-0.6740009188652039,0.49322983622550964,0.49957436323165894,0.7747012376785278,-0.38763824105262756,0.2648922801017761,0.4711681008338928,-0.6184991002082825,-0.6288557052612305,1.0174049139022827,0.0,0.0,0.0,1.0]},"index_02_r":{"parent":"index_01_r","matrix":[0.9997531771659851,0.0068102567456662655,-0.021147171035408974,-0.011422120966017246,0.9739838242530823,-0.22632916271686554,0.019055645912885666,0.22651484608650208,0.9738212823867798],"matrix_local":[-0.7410956025123596,-0.0295260027050972,-0.6707502007484436,0.49638327956199646,0.48321565985679626,0.6701428890228271,-0.5633924007415771,0.2834675908088684,0.46613314747810364,-0.7416445016860962,-0.48237258195877075,1.0025749206542969,0.0,0.0,0.0,1.0]},"index_03_r":{"parent":"index_02_r","matrix":[0.9990860819816589,0.04247409105300903,-0.0047857798635959625,-0.04273633658885956,0.9906964302062988,-0.1292058378458023,-0.0007466461975127459,0.1292923092842102,0.9916061758995056],"matrix_local":[-0.738655686378479,-0.1474515199661255,-0.6577584147453308,0.4957503378391266,0.4545552432537079,0.6115900278091431,-0.6475623250007629,0.29783329367637634,0.4977624714374542,-0.7773130536079407,-0.38472965359687805,0.9866764545440674,0.0,0.0,0.0,1.0]},"middle_01_r":{"parent":"hand_r","matrix":[0.5834278464317322,-0.3554439842700958,-0.7302543520927429,0.19545139372348785,0.93416827917099,-0.2985435724258423,0.788296103477478,0.03144938498735428,0.6144918203353882],"matrix_local":[-0.5422214865684509,0.20570707321166992,-0.8146659135818481,0.5083564519882202,0.7430306673049927,0.5700774192810059,-0.35059553384780884,0.24744528532028198,0.39230263233184814,-0.7954220771789551,-0.4619549512863159,1.008284091949463,0.0,0.0,0.0,1.0]},"middle_02_r":{"parent":"middle_01_r","matrix":[0.9974358081817627,0.06739257276058197,-0.024082694202661514,-0.06933098286390305,0.9933750033378601,-0.09164714813232422,0.017746813595294952,0.09308182448148727,0.9955003261566162],"matrix_local":[-0.5695507526397705,0.0919719710946083,-0.8167944550514221,0.5148967504501343,0.6953794360160828,0.583741307258606,-0.41915813088417053,0.2655704617500305,0.43824586272239685,-0.8067137598991394,-0.39642584323883057,0.9829942584037781,0.0,0.0,0.0,1.0]},"middle_03_r":{"parent":"middle_02_r","matrix":[0.9998835325241089,-0.013833330012857914,-0.00644608773291111,0.01280383113771677,0.9902171492576599,-0.13894635438919067,0.00830511748790741,0.13884763419628143,0.9902788996696472],"matrix_local":[-0.5750903487205505,-0.014458976686000824,-0.817962110042572,0.5172876715660095,0.6992914080619812,0.5102121233940125,-0.5006746649742126,0.2807455062866211,0.4245734214782715,-0.8599269986152649,-0.28330716490745544,0.9620227813720703,0.0,0.0,0.0,1.0]},"pinky_01_r":{"parent":"hand_r","matrix":[0.6110696792602539,-0.5746304988861084,-0.5444204211235046,0.533581554889679,0.8070443272590637,-0.25292348861694336,0.5847089290618896,-0.13593876361846924,0.7997725605964661],"matrix_local":[-0.2375430464744568,0.2730602025985718,-0.9322079420089722,0.5165111422538757,0.9420205354690552,0.29890552163124084,-0.1524888277053833,0.2133135050535202,0.23700334131717682,-0.9143816232681274,-0.32823142409324646,0.9942829608917236,0.0,0.0,0.0,1.0]},"pinky_02_r":{"parent":"pinky_01_r","matrix":[0.9982336759567261,0.0553971529006958,-0.02146456204354763,-0.05809791386127472,0.9857624173164368,-0.1577882468700409,0.012417936697602272,0.15875659883022308,0.9872397184371948],"matrix_local":[-0.26456379890441895,0.10801911354064941,-0.9582996368408203,0.5219367742538452,0.9210972189903259,0.3226265013217926,-0.21792685985565186,0.21925267577171326,0.2856324315071106,-0.9403426051139832,-0.18485158681869507,0.9761144518852234,0.0,0.0,0.0,1.0]},"pinky_03_r":{"parent":"pinky_02_r","matrix":[0.9996219277381897,-0.024801086634397507,-0.011864153668284416,0.025111665949225426,0.999325692653656,0.02678772434592247,0.011191788129508495,-0.027075529098510742,0.9995706677436829],"matrix_local":[-0.27247631549835205,0.1404542177915573,-0.9518557786941528,0.5235161781311035,0.9264116883277893,0.3054651916027069,-0.220118910074234,0.223969966173172,0.25984203815460205,-0.941787600517273,-0.21335065364837646,0.9623652100563049,0.0,0.0,0.0,1.0]},"ring_01_r":{"parent":"hand_r","matrix":[0.5637741088867188,-0.4439498484134674,-0.6964677572250366,0.37492311000823975,0.8889269828796387,-0.2631378769874573,0.735929012298584,-0.11277151852846146,0.6676009893417358],"matrix_local":[-0.4388814866542816,0.3055303990840912,-0.8450055718421936,0.5151602029800415,0.8535577654838562,0.43559613823890686,-0.2858240008354187,0.23144195973873138,0.28075313568115234,-0.846703827381134,-0.45196303725242615,1.0015838146209717,0.0,0.0,0.0,1.0]},"ring_02_r":{"parent":"ring_01_r","matrix":[0.996802031993866,0.077708899974823,-0.01862965151667595,-0.07940040528774261,0.9894514679908752,-0.12116654217243195,0.009017416276037693,0.1222582533955574,0.9924573302268982],"matrix_local":[-0.4693569540977478,0.16489359736442566,-0.8674758672714233,0.5236471891403198,0.8136642575263977,0.4623859226703644,-0.35234928131103516,0.2435418963432312,0.3430083990097046,-0.8712115287780762,-0.3511921763420105,0.9780641794204712,0.0,0.0,0.0,1.0]},"ring_03_r":{"parent":"ring_02_r","matrix":[0.9987042546272278,-0.047287870198488235,-0.018809692934155464,0.044981699436903,0.9930951595306396,-0.10834527760744095,0.023803232237696648,0.10735879838466644,0.9939353466033936],"matrix_local":[-0.4819802939891815,0.09281875193119049,-0.8712518811225891,0.5274628400802612,0.8250218629837036,0.3828890025615692,-0.4156144857406616,0.2542415261268616,0.2950158715248108,-0.919119656085968,-0.26112255454063416,0.9579042792320251,0.0,0.0,0.0,1.0]},"thumb_01_r":{"parent":"hand_r","matrix":[-0.5578117370605469,-0.072824627161026,-0.8267664313316345,-0.7526937127113342,0.4641183316707611,0.4669542908668518,0.34971171617507935,0.8827745914459229,-0.31370529532432556],"matrix_local":[-0.6848223209381104,-0.6756172180175781,0.27305716276168823,0.46781104803085327,-0.724772572517395,0.6703974008560181,-0.15897223353385925,0.21887914836406708,-0.07565262913703918,-0.3067721426486969,-0.9487717151641846,1.0501028299331665,0.0,0.0,0.0,1.0]},"thumb_02_r":{"parent":"thumb_01_r","matrix":[0.9387123584747314,-0.3413076400756836,0.04825267195701599,0.34445151686668396,0.9234631061553955,-0.16902388632297516,0.01312958262860775,0.17528550326824188,0.9844300746917725],"matrix_local":[-0.8719834685325623,-0.34230953454971313,0.3499566316604614,0.448421448469162,-0.45152080059051514,0.8385921716690063,-0.3047824501991272,0.2381189465522766,-0.1891411691904068,-0.42377787828445435,-0.8857980370521545,1.041298747062683,0.0,0.0,0.0,1.0]},"thumb_03_r":{"parent":"thumb_02_r","matrix":[0.9968476891517639,-0.041157953441143036,0.06782855838537216,0.05895151197910309,0.9564003348350525,-0.28604766726493835,-0.05309811234474182,0.2891445457935333,0.9558117389678955],"matrix_local":[-0.907996416091919,-0.1903078407049179,0.3732641041278839,0.43694862723350525,-0.384477823972702,0.7324873208999634,-0.56181800365448,0.2662251591682434,-0.16649308800697327,-0.6536402702331543,-0.7382646203041077,1.0270954370498657,0.0,0.0,0.0,1.0]},"neck_01":{"parent":"spine_03","matrix":[1.0,5.2306724285244854e-08,0.0,-4.943755627095925e-08,0.9451473355293274,-0.3266444802284241,-1.708570351866001e-08,0.3266444802284241,0.9451472759246826],"matrix_local":[-1.0,-1.1557418133634201e-07,-1.5330610381170118e-07,-9.18034270824819e-09,-1.8433203763379424e-07,0.3546946048736572,0.934982180595398,-0.001269325613975525,-5.3682963851997556e-08,0.9349822402000427,-0.3546946048736572,1.4775521755218506,0.0,0.0,0.0,1.0]},"head":{"parent":"neck_01","matrix":[1.0,-6.102162330989813e-08,8.881784197001252e-16,5.584207585229706e-08,0.9151195287704468,0.4031827747821808,-2.460286552263824e-08,-0.4031827747821808,0.915119469165802],"matrix_local":[-1.0,1.7067812052573572e-08,-1.868909151880871e-07,-2.402332555107023e-08,-1.8752838570890162e-07,-0.05238074064254761,0.9986271262168884,0.044283460825681686,7.2548882457112995e-09,0.998627245426178,0.05238080024719238,1.597630262374878,0.0,0.0,0.0,1.0]},"thigh_l":{"parent":"pelvis","matrix":[0.896515429019928,0.11634230613708496,-0.4274623394012451,0.29894888401031494,-0.8709654808044434,0.38993412256240845,-0.32693949341773987,-0.47737133502960205,-0.8156139850616455],"matrix_local":[-0.8965153694152832,-0.1163424625992775,0.4274623990058899,-0.09844036400318146,-0.43800389766693115,0.08809742331504822,-0.8946455717086792,0.017208635807037354,0.06642688810825348,-0.9892942905426025,-0.12993872165679932,0.9149969220161438,0.0,0.0,0.0,1.0]},"calf_l":{"parent":"thigh_l","matrix":[0.912533700466156,0.012738220393657684,0.40880298614501953,0.05223260074853897,0.9877011179924011,-0.14737063646316528,-0.4056524336338043,0.15583352744579315,0.90064537525177],"matrix_local":[-0.9975785613059998,-0.05971860885620117,0.03563931584358215,-0.1444483995437622,-0.032176584005355835,-0.05798123776912689,-0.9977986812591553,0.052047066390514374,0.061653319746255875,-0.996529757976532,0.055919744074344635,0.5237770676612854,0.0,0.0,0.0,1.0]},"foot_l":{"parent":"calf_l","matrix":[0.9956738352775574,-0.0025858208537101746,0.09288157522678375,-0.08330259472131729,0.41798722743988037,0.9046255350112915,-0.04116251319646835,-0.9084491729736328,0.4159635901451111],"matrix_local":[-0.9897551536560059,-0.05475856363773346,-0.13185498118400574,-0.17156274616718292,0.013864509761333466,0.882297158241272,-0.4704878330230713,0.02572154998779297,0.1420983076095581,-0.4674963653087616,-0.8724992275238037,0.07131761312484741,0.0,0.0,0.0,1.0]},"ball_l":{"parent":"foot_l","matrix":[0.6431685090065002,-0.05634981393814087,0.763648509979248,-0.3431145250797272,0.8703551888465881,0.35320544242858887,-0.6845484972000122,-0.489189475774765,0.5404505729675293],"matrix_local":[-0.5275297164916992,0.07261519134044647,-0.8464271426200867,-0.17857353389263153,0.028259962797164917,0.9972883462905884,0.06794434785842896,0.13868284225463867,0.8490660190582275,0.011922329664230347,-0.52815181016922,0.011463634669780731,0.0,0.0,0.0,1.0]},"thigh_r":{"parent":"pelvis","matrix":[0.896515429019928,-0.11634257435798645,0.42746251821517944,-0.29894909262657166,-0.8709654808044434,0.38993382453918457,0.3269394636154175,-0.47737133502960205,-0.8156143426895142],"matrix_local":[-0.8965154886245728,0.11634241789579391,-0.42746245861053467,0.09844034910202026,0.4380038380622864,0.08809742331504822,-0.8946458101272583,0.017208702862262726,-0.06642681360244751,-0.9892942905426025,-0.12993904948234558,0.9149969220161438,0.0,0.0,0.0,1.0]},"calf_r":{"parent":"thigh_r","matrix":[0.912533700466156,-0.012738239020109177,-0.40880298614501953,-0.052232541143894196,0.9877011179924011,-0.14737056195735931,0.4056524336338043,0.1558334231376648,0.90064537525177],"matrix_local":[-0.9975786209106445,0.05971863120794296,-0.03563934564590454,0.14444835484027863,0.032176464796066284,-0.05798120051622391,-0.9977988004684448,0.052047133445739746,-0.061653438955545425,-0.996529757976532,0.05591932684183121,0.5237770676612854,0.0,0.0,0.0,1.0]},"foot_r":{"parent":"calf_r","matrix":[0.9956737756729126,0.0025863386690616608,-0.09288158267736435,0.08330237120389938,0.41798752546310425,0.9046253561973572,0.041163019835948944,-0.9084490537643433,0.4159638285636902],"matrix_local":[-0.9897552132606506,0.05475809797644615,0.13185499608516693,0.17156270146369934,-0.013865122571587563,0.882297158241272,-0.4704880714416504,0.025721635669469833,-0.14209818840026855,-0.4674963057041168,-0.8724992275238037,0.07131761312484741,0.0,0.0,0.0,1.0]},"ball_r":{"parent":"foot_r","matrix":[0.6431684494018555,0.05634984374046326,-0.763648509979248,0.3431144654750824,0.8703551888465881,0.35320544242858887,0.6845484972000122,-0.4891894459724426,0.5404506325721741],"matrix_local":[-0.5275298953056335,-0.07261563092470169,0.8464270830154419,0.17857342958450317,-0.02826058864593506,0.9972884058952332,0.06794464588165283,0.13868293166160583,-0.8490658402442932,0.011922389268875122,-0.5281519293785095,0.011463642120361328,0.0,0.0,0.0,1.0]}}},"target":{"matrix_world":[1.0,0.0,0.0,0.0,0.0,1.0,0.0,0.0,0.0,0.0,1.0,0.0,0.0,0.0,0.0,1.0],"bones":{"Root":{"parent":null,"matrix":[1.0,0.0,3.422854533141617e-08,3.422854533141617e-08,3.422851690970674e-08,-1.0,-1.1715923615987435e-15,1.0,0.0],"matrix_local":[1.0,0.0,3.422854533141617e-08,0.0,3.422854533141617e-08,3.422851690970674e-08,-1.0,0.0,-1.1715923615987435e-15,1.0,0.0,0.0,0.0,0.0,0.0,1.0]},"Trajectory":{"parent":"Root","matrix":[1.0,8.037860273300485e-23,3.159852947213756e-30,-8.037860273300485e-23,1.0,2.6970583596596254e-15,-3.159852947213756e-30,-2.6970583596596254e-15,1.0],"matrix_local":[1.0,-1.1937781591611638e-23,3.422854533141617e-08,9.828189248486072e-25,3.422854533141617e-08,3.422852046242042e-08,-1.0,-2.220446049250313e-16,-1.171592467477862e-15,1.0,2.6970583596596254e-15,7.752947197988344e-39,0.0,0.0,0.0,1.0]},"Hips":{"parent":"Root","matrix":[1.1920925402364446e-07,0.9999996423721313,0.0,0.9828681945800781,0.0,0.18430960178375244,0.18430958688259125,0.0,-0.9828682541847229],"matrix_local":[1.2551790007364616e-07,0.9999996423721313,-3.3642152175161755e-08,9.535177980524168e-09,-0.18430955708026886,3.4228534673275135e-08,0.9828682541847229,-0.04095437750220299,0.9828681945800781,-1.1715919380822699e-15,0.18430960178375244,1.0128322839736938,0.0,0.0,0.0,1.0]},"Spine":{"parent":"Hips","matrix":[0.9317212700843811,0.0,-0.363174170255661,0.0,0.9999999403953552,0.0,0.363174170255661,0.0,0.9317212700843811],"matrix_local":[1.0472973599462421e-07,0.9999995827674866,-7.692996462083102e-08,-7.19194758858066e-07,0.18522723019123077,3.4228531120561456e-08,0.9826957583427429,-0.053989652544260025,0.9826956987380981,-1.1715918322031515e-15,-0.185227170586586,1.0823454856872559,0.0,0.0,0.0,1.0]},"Spine1":{"parent":"Spine","matrix":[0.9783052802085876,0.0,0.2071685791015625,0.0,1.0,0.0,-0.2071685791015625,0.0,0.9783052802085876],"matrix_local":[1.1839512836786525e-07,0.9999995827674866,-5.3564281898843547e-08,-7.398110710710171e-07,-0.022374913096427917,3.4228531120561456e-08,0.9997496604919434,-0.039390239864587784,0.9997496008872986,-1.1715918322031515e-15,0.0223749577999115,1.15980064868927,0.0,0.0,0.0,1.0]},"Spine2":{"parent":"Spine1","matrix":[0.9720211625099182,0.0,0.23489335179328918,-8.345542035215203e-09,1.0,3.453500596606318e-08,-0.23489335179328918,-3.552906946424628e-08,0.9720211625099182],"matrix_local":[1.1931892629490903e-07,0.9999995827674866,1.0279606499352667e-08,-7.225481226669217e-07,-0.25658345222473145,-1.2916423486331041e-09,0.9665221571922302,-0.041332636028528214,0.9665220975875854,-7.949625957515138e-10,0.25658348202705383,1.2465901374816895,0.0,0.0,0.0,1.0]},"Spine3":{"parent":"Spine2","matrix":[0.9733660221099854,0.0,-0.22925665974617004,0.0,1.0,0.0,0.22925665974617004,0.0,0.9733660221099854],"matrix_local":[1.1849765968463544e-07,0.9999995827674866,-1.734883880999405e-08,-7.509478905376454e-07,-0.028167977929115295,-1.2916423486331041e-09,0.999603271484375,-0.0723867267370224,0.9996032118797302,-7.949625957515138e-10,0.028168022632598877,1.3635674715042114,0.0,0.0,0.0,1.0]},"LeftShoulder":{"parent":"Spine3","matrix":[-0.10127171128988266,0.9927504062652588,-0.06473450362682343,-0.9129746556282043,-0.11859080195426941,-0.39040154218673706,-0.3952481746673584,0.019564298912882805,0.9183659553527832],"matrix_local":[-0.9129742980003357,-0.11859063059091568,-0.3904014229774475,-0.017751026898622513,-0.3922387361526489,-0.008407235145568848,0.91982501745224,-0.008502524346113205,-0.11236488819122314,0.9929075837135315,-0.03884026035666466,1.4922407865524292,0.0,0.0,0.0,1.0]},"LeftArm":{"parent":"LeftShoulder","matrix":[0.6553358435630798,0.4791586399078369,-0.5839022994041443,-0.6204298138618469,0.7823798656463623,-0.054299622774124146,0.43081533908843994,0.39785489439964294,0.8100059032440186],"matrix_local":[-0.6929185390472412,-0.6855655908584595,0.2232997715473175,-0.14226321876049042,0.14444270730018616,0.17143464088439941,0.9745493531227112,-0.06199634447693825,-0.706399142742157,0.7075374722480774,-0.019765228033065796,1.4769164323806763,0.0,0.0,0.0,1.0]},"LeftForeArm":{"parent":"LeftArm","matrix":[0.7700462937355042,1.4290787930804072e-06,-0.6379880309104919,-1.5064638319017831e-06,1.0,4.2168801428488223e-07,0.6379880309104919,6.363866305036936e-07,0.7700462937355042],"matrix_local":[-0.3911157548427582,-0.6855664849281311,0.6140245795249939,-0.3298547863960266,0.7329781651496887,0.17143547534942627,0.6582954525947571,-0.022891834378242493,-0.5565710663795471,0.7075364589691162,0.4354543685913086,1.2856756448745728,0.0,0.0,0.0,1.0]},"LeftHand":{"parent":"LeftForeArm","matrix":[0.996396005153656,0.039504580199718475,0.07506163418292999,-0.04661983996629715,0.9943337440490723,0.09553594887256622,-0.07086220383644104,-0.09869100898504257,0.9925918579101562],"matrix_local":[-0.4012562930583954,-0.7577314376831055,0.5146217346191406,-0.43028032779693604,0.6756959557533264,0.1344522386789322,0.7248154878616333,0.1653117537498474,-0.618407666683197,0.6385648846626282,0.45804649591445923,1.1427675485610962,0.0,0.0,0.0,1.0]},"WeaponLeft":{"parent":"LeftHand","matrix":[-0.043895624577999115,-0.04234401136636734,-0.998138427734375,-0.9985657334327698,-0.028795868158340454,0.04513603076338768,-0.03065349906682968,0.9986881017684937,-0.041019223630428314],"matrix_local":[0.7584831118583679,0.5527569055557251,0.34519895911216736,-0.42775383591651917,-0.1861376166343689,0.6913812756538391,-0.6981008648872375,0.25200241804122925,-0.6245443224906921,0.4652434289455414,0.6272900700569153,1.0947049856185913,0.0,0.0,0.0,1.0]},"LeftInHandThumb":{"parent":"LeftHand","matrix":[0.6612894535064697,-0.49545568227767944,0.5632233023643494,-0.3554949462413788,-0.8681563138961792,-0.3463071286678314,0.660546064376831,0.0287864301353693,-0.7502338886260986],"matrix_local":[0.34395450353622437,0.8714481592178345,-0.3496757745742798,-0.4179374575614929,0.8778074979782104,-0.4306381344795227,-0.20977523922920227,0.1885325014591217,-0.33339226245880127,-0.23479503393173218,-0.9130831956863403,1.128455638885498,0.0,0.0,0.0,1.0]},"LeftHandThumb1":{"parent":"LeftInHandThumb","matrix":[0.8333037495613098,9.120422873820644e-06,-0.5528153777122498,-1.9484585209283978e-05,1.0,-1.2872571460320614e-05,0.5528153777122498,2.1498140995390713e-05,0.8333037495613098],"matrix_local":[0.09329545497894287,0.8714438080787659,-0.4815406799316406,-0.4038412868976593,0.6155217289924622,-0.43063461780548096,-0.6600664258003235,0.22450755536556244,-0.7825788259506226,-0.23481769859790802,-0.5765682458877563,1.1147923469543457,0.0,0.0,0.0,1.0]},"LeftHandThumb2":{"parent":"LeftHandThumb1","matrix":[0.912790060043335,0.0,-0.4084290862083435,-1.3303736068337457e-07,1.0,-2.973225434743654e-07,0.4084290862083435,3.257293883507373e-07,0.912790060043335],"matrix_local":[-0.11151617765426636,0.8714436292648315,-0.47765037417411804,-0.4005564749240875,0.2922518849372864,-0.43063482642173767,-0.8538988828659058,0.24617581069469452,-0.9498173594474792,-0.23481789231300354,-0.2066577672958374,1.0872427225112915,0.0,0.0,0.0,1.0]},"LeftInHandIndex":{"parent":"LeftHand","matrix":[0.9935321807861328,-0.10669973492622375,0.03884319216012955,0.023630738258361816,-0.1403014212846756,-0.9898267388343811,0.11106400936841965,0.9843427538871765,-0.13687248528003693],"matrix_local":[-0.35941082239151,0.6556889414787292,0.6639991998672485,-0.42870286107063293,0.755003809928894,0.6225064396858215,-0.20604552328586578,0.18951305747032166,-0.5484456419944763,0.4272671341896057,-0.718783438205719,1.1393753290176392,0.0,0.0,0.0,1.0]},"LeftHandIndex1":{"parent":"LeftInHandIndex","matrix":[0.9453607201576233,-2.282834429934155e-06,-0.3260262906551361,4.576960691338172e-06,1.0,6.269568075367715e-06,0.3260262906551361,-7.419212579407031e-06,0.9453607201576233],"matrix_local":[-0.12328867614269257,0.6556848287582397,0.7449002265930176,-0.45209455490112305,0.6465775370597839,0.6225062608718872,-0.44093453884124756,0.23865145444869995,-0.752819299697876,0.4272737205028534,-0.5006992816925049,1.1036804914474487,0.0,0.0,0.0,1.0]},"LeftHandIndex2":{"parent":"LeftHandIndex1","matrix":[0.8083953261375427,7.871460184105672e-06,-0.5886399745941162,-1.273425186809618e-05,1.0,-4.116013769817073e-06,0.5886399745941162,1.082325616152957e-05,0.8083953261375427],"matrix_local":[0.3388037085533142,0.655691921710968,0.6747438311576843,-0.4570488929748535,0.2631306052207947,0.6225065588951111,-0.737053394317627,0.26463374495506287,-0.903312623500824,0.4272623658180237,0.03837481141090393,1.0734288692474365,0.0,0.0,0.0,1.0]},"LeftHandIndex3":{"parent":"LeftHandIndex2","matrix":[0.7768703103065491,-9.839316135185072e-07,-0.6296606063842773,5.514193617273122e-07,0.9999999403953552,-8.823011512504308e-07,0.6296606063842773,3.3822652767412364e-07,0.7768703103065491],"matrix_local":[0.6880664825439453,0.6556917428970337,0.31085652112960815,-0.44915181398391724,-0.2596747875213623,0.6225060224533081,-0.7382783889770508,0.2707670032978058,-0.6775934100151062,0.4272632300853729,0.5985922813415527,1.0523743629455566,0.0,0.0,0.0,1.0]},"LeftInHandMiddle":{"parent":"LeftHand","matrix":[0.9951580166816711,0.08582185953855515,0.047906022518873215,0.04352724552154541,0.052186984568834305,-0.9976882934570312,-0.08812353760004044,0.9949427843093872,0.04819870740175247],"matrix_local":[-0.4776456654071808,0.4380388855934143,0.7615612745285034,-0.4370552897453308,0.6144033074378967,0.7861560583114624,-0.06683635711669922,0.1839776188135147,-0.6279830932617188,0.4359819293022156,-0.6446369290351868,1.1364628076553345,0.0,0.0,0.0,1.0]},"LeftHandMiddle1":{"parent":"LeftInHandMiddle","matrix":[0.9538338780403137,-4.030956915812567e-06,-0.300334632396698,5.660817350872094e-06,1.0,4.556658950605197e-06,0.300334632396698,-6.04643537371885e-06,0.9538338780403137],"matrix_local":[-0.22686892747879028,0.4380362033843994,0.8698585033416748,-0.46679556369781494,0.5659698843955994,0.7861539721488953,-0.2482737898826599,0.22223269939422607,-0.7925959229469299,0.4359883666038513,-0.42626953125,1.0973619222640991,0.0,0.0,0.0,1.0]},"LeftHandMiddle2":{"parent":"LeftHandMiddle1","matrix":[0.7313536405563354,9.805263289308641e-06,-0.6819984316825867,-6.613850473513594e-06,1.0,7.2847669798647985e-06,0.6819984316825867,-8.171053877958911e-07,0.7313536405563354],"matrix_local":[0.4273177981376648,0.43803325295448303,0.7909016609191895,-0.47712165117263794,0.24459660053253174,0.7861596941947937,-0.5675607919692993,0.24799232184886932,-0.8703859448432922,0.4359809458255768,0.2287985384464264,1.0612869262695312,0.0,0.0,0.0,1.0]},"LeftHandMiddle3":{"parent":"LeftHandMiddle2","matrix":[0.8431573510169983,0.0,-0.5376668572425842,-1.0983251286234008e-07,1.0,-1.7223693760115566e-07,0.5376668572425842,2.0427614799700677e-07,0.8431573510169983],"matrix_local":[0.7855377197265625,0.43803340196609497,0.4370998740196228,-0.46512824296951294,-0.09892527759075165,0.7861595749855042,-0.6100546717643738,0.25485727190971375,-0.610854983329773,0.43598100543022156,0.6608907580375671,1.0368578433990479,0.0,0.0,0.0,1.0]},"LeftInHandRing":{"parent":"LeftHand","matrix":[0.972414493560791,0.23096095025539398,0.03266601264476776,0.001191951334476471,0.1351197361946106,-0.9908285737037659,-0.23325654864311218,0.9635350704193115,0.13111698627471924],"matrix_local":[-0.5111294984817505,0.30079707503318787,0.8051502108573914,-0.4446558952331543,0.48814886808395386,0.8726116418838501,-0.016111209988594055,0.17543236911296844,-0.7074297666549683,0.3847985863685608,-0.5928515195846558,1.1305131912231445,0.0,0.0,0.0,1.0]},"LeftHandRing1":{"parent":"LeftInHandRing","matrix":[0.946612536907196,-4.615324087353656e-06,-0.32237356901168823,7.902588549768552e-06,0.9999999403953552,8.888335287338123e-06,0.32237356901168823,-1.0961394764308352e-05,0.946612536907196],"matrix_local":[-0.22428005933761597,0.30079057812690735,0.9269425868988037,-0.47348499298095703,0.4569008946418762,0.8726094961166382,-0.1726095974445343,0.20296567678451538,-0.8607785105705261,0.38480833172798157,-0.33314061164855957,1.0906121730804443,0.0,0.0,0.0,1.0]},"LeftHandRing2":{"parent":"LeftHandRing1","matrix":[0.8044453859329224,-8.685124157636892e-06,-0.5940266251564026,3.891191227012314e-06,1.0,-9.35121988732135e-06,0.5940266251564026,5.211074494582135e-06,0.8044453859329224],"matrix_local":[0.370208740234375,0.30079734325408936,0.8789001703262329,-0.4824006259441376,0.265020489692688,0.8726046085357666,-0.4102744460105896,0.22112856805324554,-0.8903421759605408,0.3848140835762024,0.24332836270332336,1.0563942193984985,0.0,0.0,0.0,1.0]},"LeftHandRing3":{"parent":"LeftHandRing2","matrix":[0.8327820897102356,8.685126431373646e-07,-0.5536009073257446,-7.232818006741581e-07,1.0,4.808093763131183e-07,0.5536009073257446,0.0,0.8327820897102356],"matrix_local":[0.7948629260063171,0.3007976710796356,0.5269845724105835,-0.47262507677078247,-0.006424620747566223,0.8726048469543457,-0.4883843660354614,0.22812649607658386,-0.6067545413970947,0.3848133087158203,0.6955339312553406,1.032884120941162,0.0,0.0,0.0,1.0]},"LeftInHandPinky":{"parent":"LeftHand","matrix":[0.8953620791435242,0.41540199518203735,0.16052395105361938,0.016323640942573547,0.3295983076095581,-0.9439801573753357,-0.44503962993621826,0.8478243947029114,0.2883288562297821],"matrix_local":[-0.6006656885147095,0.01987922191619873,0.7992525100708008,-0.4432596266269684,0.2846156656742096,0.9395169019699097,0.19053035974502563,0.16788169741630554,-0.7471238970756531,0.34192514419555664,-0.5699937343597412,1.1252681016921997,0.0,0.0,0.0,1.0]},"LeftHandPinky1":{"parent":"LeftInHandPinky","matrix":[0.9155585765838623,-3.222117811674252e-05,-0.40218472480773926,3.5331864637555555e-05,1.0,3.16304067382589e-07,0.40218472480773926,-1.4499530152534135e-05,0.9155585765838623],"matrix_local":[-0.2284967601299286,0.019886987283825874,0.9733410477638245,-0.47810715436935425,0.337243914604187,0.9395049810409546,0.059973932802677155,0.1843942105770111,-0.9132664203643799,0.3419574797153473,-0.22138068079948425,1.0819240808486938,0.0,0.0,0.0,1.0]},"Lef